合肥 13050732.25,3717865.48;13050732.25,3717865.48 12 127
安庆 13032328.73,3552346.35;13032328.73,3552346.35 13 130
蚌埠 13068586.76,3861451.88;13068586.76,3861451.88 13 126
亳州 12889352.87,3984760.83;12889352.87,3984760.83 13 188
巢湖 13122538.95,3689458.85;13122538.95,3689458.85 13 251
池州 13079941.95,3568096.76;13079941.95,3568096.76 14 299
滁州 13171827.47,3780782.68;13171827.47,3780782.68 13 189
阜阳 12893318.37,3858071.13;12893318.37,3858071.13 13 128
淮北 13002801.01,3999428.16;13002801.01,3999428.16 13 253
淮南 13025211.08,3823284.47;13025211.08,3823284.47 13 250
黄山 13174259.20,3446405.95;13174259.20,3446405.95 13 252
六安 12972162.58,3706704.58;12972162.58,3706704.58 13 298
马鞍山 13192915.97,3698254.43;13192915.97,3698254.43 13 358
宿州 13021233.10,3958276.93;13021233.10,3958276.93 13 370
铜陵 13115670.97,3604196.83;13115670.97,3604196.83 14 337
芜湖 13184775.09,3656993.85;13184775.09,3656993.85 12 129
宣城 13221024.95,3603638.53;13221024.95,3603638.53 13 190
福州 13280886.83,2990092.74;13280886.83,2990092.74 12 300
龙岩 13027156.91,2867451.75;13027156.91,2867451.75 13 193
南平 13156359.21,3060182.27;13156359.21,3060182.27 13 133
宁德 13308913.30,3063166.32;13308913.30,3063166.32 14 192
莆田 13248747.88,2913812.39;13248747.88,2913812.39 13 195
泉州 13211798.77,2842902.63;13211798.77,2842902.63 12 134
三明 13096406.59,3013437.65;13096406.59,3013437.65 14 254
厦门 13146520.15,2794850.59;13146520.15,2794850.59 12 194
漳州 13097306.62,2798910.77;13097306.62,2798910.77 12 255
兰州 11559618.74,4284497.52;11559618.74,4284497.52 12 36
白银 11593403.48,4350997.26;11593403.48,4350997.26 13 35
定西 11647670.12,4218892.85;11647670.12,4218892.85 13 136
甘南州 11456860.01,4137659.06;11456860.01,4137659.06 14 247
嘉峪关 10942437.00,4806177.73;10942437.00,4806177.73 13 33
金昌 11376329.71,4627105.84;11376329.71,4627105.84 13 34
酒泉 10965136.67,4800458.77;10965136.67,4800458.77 13 37
临夏州 11490222.65,4221635.05;11490222.65,4221635.05 13 182
陇南 11680684.61,3925685.58;11680684.61,3925685.58 14 256
平凉 11874773.11,4213703.64;11874773.11,4213703.64 13 359
庆阳 11983596.18,4236451.14;11983596.18,4236451.14 13 135
天水 11770079.92,4083438.67;11770079.92,4083438.67 13 196
武威 11426460.46,4543604.39;11426460.46,4543604.39 13 118
张掖 11182857.02,4684860.48;11182857.02,4684860.48 13 117
广州 12609384.20,2631450.58;12609384.20,2631450.58 12 257
潮州 12983270.08,2695083.18;12983270.08,2695083.18 13 201
东莞 12663646.09,2618419.30;12663646.09,2618419.30 12 119
佛山 12593536.51,2618504.74;12593536.51,2618504.74 13 138
河源 12769274.62,2705589.22;12769274.62,2705589.22 12 200
惠州 12737687.42,2629176.06;12737687.42,2629176.06 12 301
江门 12589053.91,2565285.42;12589053.91,2565285.42 13 302
揭阳 12955416.43,2682139.69;12955416.43,2682139.69 13 259
茂名 12349002.86,2455917.94;12349002.86,2455917.94 13 139
梅州 12927581.68,2771574.07;12927581.68,2771574.07 13 141
清远 12586210.09,2698142.83;12586210.09,2698142.83 13 197
汕头 12989872.35,2658432.29;12989872.35,2658432.29 13 303
汕尾 12844371.04,2590100.98;12844371.04,2590100.98 14 339
韶关 12646449.94,2835086.87;12646449.94,2835086.87 13 137
深圳 12697919.69,2560977.31;12697919.69,2560977.31 12 340
阳江 12466699.79,2479199.48;12466699.79,2479199.48 14 199
云浮 12473600.95,2605695.21;12473600.95,2605695.21 13 258
湛江 12285964.33,2409313.63;12285964.33,2409313.63 13 198
肇庆 12520436.40,2621544.92;12520436.40,2621544.92 13 338
中山 12623658.84,2557831.51;12623658.84,2557831.51 12 187
珠海 12644165.50,2528398.94;12644165.50,2528398.94 13 140
南宁 12064197.51,2593908.90;12064197.51,2593908.90 12 261
百色 11869566.44,2724709.89;11869566.44,2724709.89 13 203
北海 12148051.24,2434246.89;12148051.24,2434246.89 13 295
崇左 11952656.17,2541377.42;11952656.17,2541377.42 14 144
防城港 12062837.96,2458822.38;12062837.96,2458822.38 15 204
桂林 12278277.31,2891750.50;12278277.31,2891750.50 12 142
贵港 12201211.44,2629479.32;12201211.44,2629479.32 13 341
河池 12032866.01,2820782.02;12032866.01,2820782.02 14 143
贺州 12420393.37,2785558.28;12420393.37,2785558.28 14 260
来宾 12159431.65,2706604.65;12159431.65,2706604.65 14 202
柳州 12180931.66,2776093.62;12180931.66,2776093.62 12 305
钦州 12096206.54,2493631.35;12096206.54,2493631.35 13 145
梧州 12388396.37,2673339.57;12388396.37,2673339.57 13 304
玉林 12266142.07,2574421.71;12266142.07,2574421.71 14 361
贵阳 11870885.18,3060812.20;11870885.18,3060812.20 12 146
安顺 11794720.25,3012230.30;11794720.25,3012230.30 13 263
毕节地区 11722124.70,3141552.67;11722124.70,3141552.67 14 206
六盘水 11670504.63,3054166.26;11670504.63,3054166.26 13 147
铜仁地区 12155793.34,3194445.93;12155793.34,3194445.93 14 205
遵义 11903929.90,3195131.30;11903929.90,3195131.30 13 262
黔西南州 11678750.33,2869250.68;11678750.33,2869250.68 11 343
黔东南州 12021589.68,3053023.60;12021589.68,3053023.60 11 342
黔南州 11970166.23,3012314.50;11970166.23,3012314.50 11 306
海口 12268256.50,2264181.59;12268256.50,2264181.59 13 125
儋州 12199317.92,2202680.69;12199317.92,2202680.69 13 1215
澄迈 12246544.86,2228212.48;12246544.86,2228212.48 13 2757
东方 12096134.08,2152821.17;12096134.08,2152821.17 13 2634
定安 12286001.97,2221469.22;12286001.97,2221469.22 13 1214
琼海 12298842.88,2171835.98;12298842.88,2171835.98 13 2358
临高 12211570.64,2248715.79;12211570.64,2248715.79 13 2033
三亚 12191692.57,2054288.40;12191692.57,2054288.40 12 121
万宁 12289381.08,2117697.62;12289381.08,2117697.62 13 1216
文昌 12334806.67,2205272.60;12334806.67,2205272.60 13 2758
五指山 12192232.96,2115283.15;12192232.96,2115283.15 13 1644
石家庄 12748538.99,4559724.44;12748538.99,4559724.44 12 150
保定 12854318.52,4677433.40;12854318.52,4677433.40 13 307
沧州 13007297.74,4596606.70;13007297.74,4596606.70 13 149
承德 13132480.72,4977854.89;13132480.72,4977854.89 14 207
邯郸 12751319.79,4362095.84;12751319.79,4362095.84 13 151
衡水 12877238.34,4517087.91;12877238.34,4517087.91 13 208
廊坊 12990050.62,4772368.93;12990050.62,4772368.93 13 191
秦皇岛 13314644.33,4829720.42;13314644.33,4829720.42 12 148
唐山 13156663.86,4785771.15;13156663.86,4785771.15 13 265
邢台 12747432.55,4423795.06;12747432.55,4423795.06 13 266
张家口 12790099.15,4959124.69;12790099.15,4959124.69 13 264
郑州 12649521.59,4105848.27;12649521.59,4105848.27 12 268
安阳 12735043.78,4289480.73;12735043.78,4289480.73 12 267
鹤壁 12724406.45,4241442.59;12724406.45,4241442.59 13 215
焦作 12606908.89,4169150.09;12606908.89,4169150.09 13 211
开封 12725504.05,4112520.03;12725504.05,4112520.03 13 210
洛阳 12519129.85,4088448.61;12519129.85,4088448.61 12 153
漯河 12693146.01,3949717.58;12693146.01,3949717.58 13 344
南阳 12527476.18,3871381.71;12527476.18,3871381.71 13 309
平顶山 12601384.97,3974262.89;12601384.97,3974262.89 13 213
濮阳 12805879.00,4243481.51;12805879.00,4243481.51 12 209
三门峡 12379622.59,4109214.31;12379622.59,4109214.31 13 212
商丘 12875663.83,4061012.59;12875663.83,4061012.59 13 154
新乡 12683140.43,4181023.18;12683140.43,4181023.18 13 152
信阳 12701610.16,3760486.61;12701610.16,3760486.61 13 214
许昌 12674841.94,4010267.02;12674841.94,4010267.02 13 155
周口 12768866.67,3955605.11;12768866.67,3955605.11 13 308
驻马店 12693840.12,3874135.57;12693840.12,3874135.57 13 269
哈尔滨 14086790.68,5718671.60;14086790.68,5718671.60 12 48
大庆 13927302.59,5844589.90;13927302.59,5844589.90 12 50
大兴安岭地区 13870410.30,6753504.62;13870410.30,6753504.62 10 38
鹤岗 14505564.36,5968654.43;14505564.36,5968654.43 13 43
黑河 14197287.25,6456725.47;14197287.25,6456725.47 14 39
鸡西 14580358.15,5638357.67;14580358.15,5638357.67 13 46
佳木斯 14508088.66,5879112.19;14508088.66,5879112.19 12 42
牡丹江 14431501.79,5522040.66;14431501.79,5522040.66 13 49
七台河 14584082.61,5713695.74;14584082.61,5713695.74 14 47
齐齐哈尔 13795365.79,5969316.79;13795365.79,5969316.79 13 41
双鸭山 14601429.05,5854243.60;14601429.05,5854243.60 13 45
绥化 14135021.59,5855185.01;14135021.59,5855185.01 13 44
伊春 14343342.92,6030682.67;14343342.92,6030682.67 14 40
武汉 12725273.29,3558757.28;12725273.29,3558757.28 12 218
鄂州 12790922.02,3532803.47;12790922.02,3532803.47 14 122
恩施 12188027.99,3520529.34;12188027.99,3520529.34 14 2236
黄冈 12788396.71,3540883.04;12788396.71,3540883.04 14 271
黄石 12806938.39,3508277.50;12806938.39,3508277.50 13 311
荆门 12490833.21,3615941.94;12490833.21,3615941.94 13 217
荆州 12495439.29,3525625.36;12495439.29,3525625.36 12 157
潜江 12568749.94,3534230.23;12568749.94,3534230.23 13 1293
神农架林区 12321207.15,3707909.18;12321207.15,3707909.18 0 2734
十堰 12334839.13,3823706.01;12334839.13,3823706.01 13 216
随州 12622551.03,3700859.50;12622551.03,3700859.50 13 371
天门 12598447.64,3567933.36;12598447.64,3567933.36 13 2654
仙桃 12630568.17,3529165.12;12630568.17,3529165.12 13 1713
咸宁 12727180.88,3462453.84;12727180.88,3462453.84 13 362
襄阳 12482288.95,3742391.44;12482288.95,3742391.44 12 156
孝感 12681984.12,3601589.77;12681984.12,3601589.77 13 310
宜昌 12389211.61,3571525.49;12389211.61,3571525.49 13 270
长沙 12573153.72,3258106.27;12573153.72,3258106.27 12 158
常德 12435078.36,3359518.80;12435078.36,3359518.80 12 219
郴州 12581611.69,2952702.15;12581611.69,2952702.15 13 275
衡阳 12532306.19,3091415.96;12532306.19,3091415.96 13 159
怀化 12246180.68,3175610.61;12246180.68,3175610.61 13 363
娄底 12468039.04,3191559.74;12468039.04,3191559.74 13 221
邵阳 12409378.80,3134396.59;12409378.80,3134396.59 13 273
湘潭 12573737.27,3208160.51;12573737.27,3208160.51 13 313
湘西州 12216946.85,3268596.37;12216946.85,3268596.37 14 274
益阳 12508180.74,3299125.22;12508180.74,3299125.22 13 272
永州 12425472.43,3032826.28;12425472.43,3032826.28 13 314
岳阳 12594343.16,3400819.46;12594343.16,3400819.46 13 220
张家界 12299259.42,3370258.68;12299259.42,3370258.68 13 312
株洲 12594872.22,3207895.87;12594872.22,3207895.87 13 222
南京 13225221.26,3748918.53;13225221.26,3748918.53 12 315
常州 13356273.65,3716551.52;13356273.65,3716551.52 12 348
淮安 13249660.33,3953517.97;13249660.33,3953517.97 12 162
连云港 13272719.50,4085481.95;13272719.50,4085481.95 12 347
南通 13458706.40,3738531.15;13458706.40,3738531.15 12 161
苏州 13424120.33,3649961.01;13424120.33,3649961.01 12 224
宿迁 13167242.19,4000369.45;13167242.19,4000369.45 13 277
泰州 13350927.27,3800858.64;13350927.27,3800858.64 13 276
无锡 13393990.44,3674896.25;13393990.44,3674896.25 12 317
徐州 13057066.72,4032808.36;13057066.72,4032808.36 12 316
盐城 13377206.96,3918849.25;13377206.96,3918849.25 12 223
扬州 13293818.84,3792807.67;13293818.84,3792807.67 13 346
镇江 13295197.79,3766049.16;13295197.79,3766049.16 13 160
南昌 12898120.55,3315255.29;12898120.55,3315255.29 12 163
抚州 12953792.01,3222913.63;12953792.01,3222913.63 13 226
赣州 12795341.80,2960138.22;12795341.80,2960138.22 13 365
吉安 12801910.76,3118785.97;12801910.76,3118785.97 13 318
景德镇 13045112.76,3389524.55;13045112.76,3389524.55 12 225
九江 12914091.23,3445126.01;12914091.23,3445126.01 13 349
萍乡 12675060.82,3182279.84;12675060.82,3182279.84 13 350
上饶 13130279.90,3286654.94;13130279.90,3286654.94 13 364
新余 12793382.98,3206619.16;12793382.98,3206619.16 13 164
宜春 12737613.38,3206187.04;12737613.38,3206187.04 13 278
鹰潭 13032956.34,3262117.26;13032956.34,3262117.26 13 279
长春 13951842.48,5408037.28;13951842.48,5408037.28 12 53
白城 13675225.29,5689689.20;13675225.29,5689689.20 13 51
白山 14074393.43,5124127.66;14074393.43,5124127.66 13 57
吉林市 14088310.90,5411379.12;14088310.90,5411379.12 12 55
辽源 13931797.72,5266539.07;13931797.72,5266539.07 13 183
四平 13843491.16,5308745.68;13843491.16,5308745.68 12 56
松原 13896344.99,5614146.33;13896344.99,5614146.33 13 52
通化 14020453.49,5092491.40;14020453.49,5092491.40 13 165
沈阳 13741313.13,5104005.77;13741313.13,5104005.77 12 58
鞍山 13692554.78,5000828.02;13692554.78,5000828.02 13 320
本溪 13778549.40,5028203.72;13778549.40,5028203.72 12 227
朝阳 13409391.32,5069570.88;13409391.32,5069570.88 13 280
大连 13538978.63,4683030.35;13538978.63,4683030.35 12 167
丹东 13844127.90,4839042.54;13844127.90,4839042.54 12 282
抚顺 13799714.46,5115132.82;13799714.46,5115132.82 12 184
阜新 13545115.36,5136295.69;13545115.36,5136295.69 14 59
葫芦岛 13452370.82,4942606.69;13452370.82,4942606.69 13 319
锦州 13484680.81,4998877.54;13484680.81,4998877.54 13 166
辽阳 13719578.13,5024455.91;13719578.13,5024455.91 14 351
盘锦 13589727.24,5002567.60;13589727.24,5002567.60 13 228
铁岭 13786934.99,5175882.48;13786934.99,5175882.48 13 60
营口 13608006.77,4936054.78;13608006.77,4936054.78 13 281
呼和浩特 12441036.70,4961658.65;12441036.70,4961658.65 12 321
阿拉善盟 11770534.21,4674265.37;11770534.21,4674265.37 14 230
包头 12228217.87,4934749.35;12228217.87,4934749.35 12 229
巴彦淖尔 11955189.84,4947298.57;11955189.84,4947298.57 12 169
赤峰 13235526.36,5171687.27;13235526.36,5171687.27 12 297
鄂尔多斯 12221600.87,4782598.19;12221600.87,4782598.19 12 283
呼伦贝尔 13333126.48,6279265.36;13333126.48,6279265.36 12 61
通辽 13609090.21,5382947.12;13609090.21,5382947.12 12 64
乌海 11889256.95,4789152.27;11889256.95,4789152.27 13 123
乌兰察布 12594849.10,4984041.19;12594849.10,4984041.19 12 168
锡林郭勒盟 12919228.43,5426158.06;12919228.43,5426158.06 11 63
兴安盟 13586084.36,5763458.83;13586084.36,5763458.83 11 62
银川 11826597.44,4622376.14;11826597.44,4622376.14 12 360
固原 11827732.21,4278233.21;11827732.21,4278233.21 13 246
石嘴山 11843496.35,4693072.33;11843496.35,4693072.33 13 335
吴忠 11822833.11,4553416.98;11822833.11,4553416.98 14 322
中卫 11711308.73,4483623.53;11711308.73,4483623.53 14 181
西宁 11330696.32,4361026.15;11330696.32,4361026.15 12 66
果洛州 11160049.66,4068648.79;11160049.66,4068648.79 11 72
海东地区 11364196.91,4346416.20;11364196.91,4346416.20 11 69
海北州 11233082.00,4407699.81;11233082.00,4407699.81 11 67
海南州 11201849.48,4315366.61;11201849.48,4315366.61 11 68
海西州 10840167.65,4466420.60;10840167.65,4466420.60 11 65
黄南州 11357104.42,4210552.23;11357104.42,4210552.23 11 70
玉树州 10799564.22,3873278.70;10799564.22,3873278.70 14 71
济南 13024668.93,4367677.68;13024668.93,4367677.68 12 288
滨州 13133527.36,4467194.49;13133527.36,4467194.49 12 235
东营 13211657.34,4474396.04;13211657.34,4474396.04 12 174
德州 12953925.37,4474580.65;12953925.37,4474580.65 12 372
菏泽 12856171.36,4171584.19;12856171.36,4171584.19 13 353
济宁 12979309.45,4196147.53;12979309.45,4196147.53 13 286
莱芜 13100578.78,4305364.38;13100578.78,4305364.38 13 124
聊城 12912319.45,4338843.70;12912319.45,4338843.70 12 366
临沂 13176251.17,4154108.34;13176251.17,4154108.34 12 234
青岛 13401837.54,4285189.34;13401837.54,4285189.34 12 236
日照 13306564.91,4196491.41;13306564.91,4196491.41 12 173
泰安 13035085.64,4303516.59;13035085.64,4303516.59 13 325
威海 13595401.96,4485477.04;13595401.96,4485477.04 13 175
潍坊 13265880.80,4373425.72;13265880.80,4373425.72 12 287
烟台 13520391.89,4478567.99;13520391.89,4478567.99 12 326
枣庄 13061092.42,4114359.32;13061092.42,4114359.32 13 172
淄博 13142661.64,4388087.46;13142661.64,4388087.46 12 354
太原 12529930.90,4535569.28;12529930.90,4535569.28 12 176
长治 12592936.95,4302923.18;12592936.95,4302923.18 12 356
大同 12613353.15,4850172.87;12613353.15,4850172.87 12 355
晋城 12563399.07,4206461.93;12563399.07,4206461.93 13 290
晋中 12552452.84,4509743.73;12552452.84,4509743.73 13 238
临汾 12415169.68,4288164.44;12415169.68,4288164.44 13 368
吕梁 12373082.99,4486337.07;12373082.99,4486337.07 14 327
朔州 12516697.56,4742848.38;12516697.56,4742848.38 13 237
忻州 12550385.50,4612465.04;12550385.50,4612465.04 12 367
阳泉 12644594.24,4533526.95;12644594.24,4533526.95 13 357
运城 12358087.32,4143554.87;12358087.32,4143554.87 13 328
西安 12127979.30,4051219.02;12127979.30,4051219.02 12 233
安康 12137955.19,3831014.01;12137955.19,3831014.01 13 324
宝鸡 11938466.12,4053945.15;11938466.12,4053945.15 12 171
汉中 11914676.68,3881573.31;11914676.68,3881573.31 13 352
商洛 12239363.89,3988196.86;12239363.89,3988196.86 13 285
铜川 12128563.87,4126025.65;12128563.87,4126025.65 13 232
渭南 12191480.30,4072477.69;12191480.30,4072477.69 13 170
咸阳 12102309.35,4049630.47;12102309.35,4049630.47 13 323
延安 12189211.80,4356542.48;12189211.80,4356542.48 13 284
榆林 12216466.90,4593875.52;12216466.90,4593875.52 12 231
成都 11585280.82,3555907.48;11585280.82,3555907.48 12 75
阿坝州 11380447.43,3728135.84;11380447.43,3728135.84 15 185
巴中 11883920.39,3723861.98;11883920.39,3723861.98 14 239
达州 11964137.24,3638270.40;11964137.24,3638270.40 14 369
德阳 11622362.13,3627752.59;11622362.13,3627752.59 13 74
甘孜州 11351270.07,3489052.11;11351270.07,3489052.11 15 73
广安 11871214.28,3541176.83;11871214.28,3541176.83 13 241
广元 11783295.50,3798312.77;11783295.50,3798312.77 13 329
乐山 11551964.13,3425607.32;11551964.13,3425607.32 13 79
凉山州 11385209.55,3214652.80;11385209.55,3214652.80 14 80
泸州 11738666.92,3339249.69;11738666.92,3339249.69 14 331
南充 11813044.63,3590307.23;11813044.63,3590307.23 13 291
眉山 11561219.34,3492400.33;11561219.34,3492400.33 13 77
绵阳 11653737.32,3671864.49;11653737.32,3671864.49 12 240
内江 11695912.71,3429133.90;11695912.71,3429133.90 13 248
攀枝花 11324127.59,3052807.13;11324127.59,3052807.13 14 81
遂宁 11755371.73,3551132.57;11755371.73,3551132.57 12 330
雅安 11471193.10,3484711.19;11471193.10,3484711.19 13 76
宜宾 11649500.33,3324086.52;11649500.33,3324086.52 13 186
资阳 11647976.56,3499246.97;11647976.56,3499246.97 13 242
自贡 11664727.60,3398547.28;11664727.60,3398547.28 13 78
台北 13533673.75,2862507.48;13533673.75,2862507.48 12 9002
高雄 13394415.23,2569925.06;13394415.23,2569925.06 12 9019
台中 13431669.10,2756071.63;13431669.10,2756071.63 13 9017
台南 13380257.71,2614483.91;13380257.71,2614483.91 13 9016
新北 13522816.84,2859381.31;13522816.84,2859381.31 0 9010
基隆 13553884.53,2873965.66;13553884.53,2873965.66 13 9011
新竹 13467483.44,2834281.15;13467483.44,2834281.15 13 9018
嘉义 13392285.41,2670865.16;13392285.41,2670865.16 13 9013
拉萨 10143656.46,3437319.30;10143656.46,3437319.30 13 100
阿里地区 9033885.83,3534094.27;9033885.83,3534094.27 11 103
昌都地区 10818767.17,3628719.40;10818767.17,3628719.40 15 99
林芝地区 10505124.16,3437918.80;10505124.16,3437918.80 11 98
那曲地区 10247938.89,3673034.81;10247938.89,3673034.81 14 101
日喀则地区 9895462.58,3388849.92;9895462.58,3388849.92 14 102
山南地区 10216969.60,3385558.04;10216969.60,3385558.04 11 97
乌鲁木齐 9754288.85,5409732.61;9754288.85,5409732.61 12 92
阿拉尔 9048950.83,4918713.31;9048950.83,4918713.31 13 731
阿克苏地区 8935325.95,5009725.75;8935325.95,5009725.75 12 85
阿勒泰地区 9812569.94,6050181.62;9812569.94,6050181.62 13 96
博尔塔拉州 9136431.10,5577251.02;9136431.10,5577251.02 11 88
昌吉州 9719947.30,5438089.30;9719947.30,5438089.30 13 93
哈密地区 10411022.08,5255999.03;10411022.08,5255999.03 13 91
和田地区 8897738.73,4429897.13;8897738.73,4429897.13 13 82
喀什地区 8459955.90,4762726.08;8459955.90,4762726.08 12 83
克拉玛依 9450667.90,5683403.49;9450667.90,5683403.49 13 95
克孜勒苏州 8479645.94,4797956.37;8479645.94,4797956.37 11 84
石河子 9583099.12,5483786.41;9583099.12,5483786.41 13 770
塔城地区 9238181.72,5870117.07;9238181.72,5870117.07 12 94
图木舒克 8802733.14,4819588.02;8802733.14,4819588.02 13 792
吐鲁番地区 9929364.56,5276082.34;9929364.56,5276082.34 13 89
五家渠 9745772.32,5462309.95;9745772.32,5462309.95 13 789
伊犁州 9053790.26,5423584.31;9053790.26,5423584.31 11 90
昆明 11448183.93,2843599.61;11448183.93,2843599.61 12 104
保山 11039492.89,2871929.08;11039492.89,2871929.08 13 112
楚雄州 11302845.30,2863781.61;11302845.30,2863781.61 13 105
大理州 11162596.94,2932491.73;11162596.94,2932491.73 14 111
德宏州 10975266.00,2789038.69;10975266.00,2789038.69 14 116
迪庆州 11099729.33,3206834.95;11099729.33,3206834.95 14 115
红河州 11508573.47,2659713.40;11508573.47,2659713.40 11 107
丽江 11158071.33,3086823.51;11158071.33,3086823.51 13 114
临沧 11142676.86,2722613.47;11142676.86,2722613.47 14 110
怒江州 11005519.58,2958484.69;11005519.58,2958484.69 14 113
普洱 11240364.13,2594863.50;11240364.13,2594863.50 14 108
曲靖 11555387.73,2918272.23;11555387.73,2918272.23 12 249
昭通 11546551.79,3146718.00;11546551.79,3146718.00 13 336
文山 11587273.03,2663556.36;11587273.03,2663556.36 14 881
玉溪 11416349.87,2779251.63;11416349.87,2779251.63 13 106
杭州 13376484.03,3517857.39;13376484.03,3517857.39 12 179
湖州 13369011.43,3597497.50;13369011.43,3597497.50 12 294
嘉兴 13443315.62,3578394.42;13443315.62,3578394.42 13 334
金华 13319970.32,3365439.56;13319970.32,3365439.56 12 333
丽水 13350636.44,3288181.06;13350636.44,3288181.06 13 292
宁波 13531775.58,3466675.15;13531775.58,3466675.15 12 180
衢州 13233890.59,3347356.77;13233890.59,3347356.77 12 243
绍兴 13423793.15,3486661.08;13423793.15,3486661.08 13 293
台州 13517338.48,3312052.08;13517338.48,3312052.08 13 244
温州 13437062.10,3228868.44;13437062.10,3228868.44 12 178
舟山 13604985.98,3480850.71;13604985.98,3480850.71 12 245
香港 12711279.50,2530455.45;12711279.50,2530455.45 12 2912
澳门 12641302.75,2519757.10;12641302.75,2519757.10 13 2911
安庆 13032328.73,3552346.35;13032328.73,3552346.35 13 130
亳州 12889352.87,3984760.83;12889352.87,3984760.83 13 188
六安 12972162.58,3706704.58;12972162.58,3706704.58 13 298
马鞍山 13192915.97,3698254.43;13192915.97,3698254.43 13 358
宿州 13021233.10,3958276.93;13021233.10,3958276.93 13 370
铜陵 13115670.97,3604196.83;13115670.97,3604196.83 14 337
宣城 13221024.95,3603638.53;13221024.95,3603638.53 13 190
南平 13156359.21,3060182.27;13156359.21,3060182.27 13 133
宁德 13308913.30,3063166.32;13308913.30,3063166.32 14 192
三明 13096406.59,3013437.65;13096406.59,3013437.65 14 254
漳州 13097306.62,2798910.77;13097306.62,2798910.77 12 255
定西 11647670.12,4218892.85;11647670.12,4218892.85 13 136
嘉峪关 10942437.00,4806177.73;10942437.00,4806177.73 13 33
金昌 11376329.71,4627105.84;11376329.71,4627105.84 13 34
酒泉 10965136.67,4800458.77;10965136.67,4800458.77 13 37
陇南 11680684.61,3925685.58;11680684.61,3925685.58 14 256
平凉 11874773.11,4213703.64;11874773.11,4213703.64 13 359
庆阳 11983596.18,4236451.14;11983596.18,4236451.14 13 135
天水 11770079.92,4083438.67;11770079.92,4083438.67 13 196
河源 12769274.62,2705589.22;12769274.62,2705589.22 12 200
惠州 12737687.42,2629176.06;12737687.42,2629176.06 12 301
揭阳 12955416.43,2682139.69;12955416.43,2682139.69 13 259
茂名 12349002.86,2455917.94;12349002.86,2455917.94 13 139
汕尾 12844371.04,2590100.98;12844371.04,2590100.98 14 339
韶关 12646449.94,2835086.87;12646449.94,2835086.87 13 137
阳江 12466699.79,2479199.48;12466699.79,2479199.48 14 199
云浮 12473600.95,2605695.21;12473600.95,2605695.21 13 258
北海 12148051.24,2434246.89;12148051.24,2434246.89 13 295
崇左 11952656.17,2541377.42;11952656.17,2541377.42 14 144
防城港 12062837.96,2458822.38;12062837.96,2458822.38 15 204
桂林 12278277.31,2891750.50;12278277.31,2891750.50 12 142
贵港 12201211.44,2629479.32;12201211.44,2629479.32 13 341
贺州 12420393.37,2785558.28;12420393.37,2785558.28 14 260
来宾 12159431.65,2706604.65;12159431.65,2706604.65 14 202
柳州 12180931.66,2776093.62;12180931.66,2776093.62 12 305
钦州 12096206.54,2493631.35;12096206.54,2493631.35 13 145
梧州 12388396.37,2673339.57;12388396.37,2673339.57 13 304
黔西南州 11678750.33,2869250.68;11678750.33,2869250.68 11 343
黔东南州 12021589.68,3053023.60;12021589.68,3053023.60 11 342
儋州 12199317.92,2202680.69;12199317.92,2202680.69 13 1215
东方 12096134.08,2152821.17;12096134.08,2152821.17 13 2634
定安 12286001.97,2221469.22;12286001.97,2221469.22 13 1214
琼海 12298842.88,2171835.98;12298842.88,2171835.98 13 2358
临高 12211570.64,2248715.79;12211570.64,2248715.79 13 2033
万宁 12289381.08,2117697.62;12289381.08,2117697.62 13 1216
文昌 12334806.67,2205272.60;12334806.67,2205272.60 13 2758
五指山 12192232.96,2115283.15;12192232.96,2115283.15 13 1644
沧州 13007297.74,4596606.70;13007297.74,4596606.70 13 149
廊坊 12990050.62,4772368.93;12990050.62,4772368.93 13 191
开封 12725504.05,4112520.03;12725504.05,4112520.03 13 210
商丘 12875663.83,4061012.59;12875663.83,4061012.59 13 154
新乡 12683140.43,4181023.18;12683140.43,4181023.18 13 152
信阳 12701610.16,3760486.61;12701610.16,3760486.61 13 214
许昌 12674841.94,4010267.02;12674841.94,4010267.02 13 155
驻马店 12693840.12,3874135.57;12693840.12,3874135.57 13 269
鹤岗 14505564.36,5968654.43;14505564.36,5968654.43 13 43
黑河 14197287.25,6456725.47;14197287.25,6456725.47 14 39
鸡西 14580358.15,5638357.67;14580358.15,5638357.67 13 46
七台河 14584082.61,5713695.74;14584082.61,5713695.74 14 47
伊春 14343342.92,6030682.67;14343342.92,6030682.67 14 40
鄂州 12790922.02,3532803.47;12790922.02,3532803.47 14 122
恩施 12188027.99,3520529.34;12188027.99,3520529.34 14 2236
黄石 12806938.39,3508277.50;12806938.39,3508277.50 13 311
荆州 12495439.29,3525625.36;12495439.29,3525625.36 12 157
潜江 12568749.94,3534230.23;12568749.94,3534230.23 13 1293
十堰 12334839.13,3823706.01;12334839.13,3823706.01 13 216
随州 12622551.03,3700859.50;12622551.03,3700859.50 13 371
天门 12598447.64,3567933.36;12598447.64,3567933.36 13 2654
仙桃 12630568.17,3529165.12;12630568.17,3529165.12 13 1713
咸宁 12727180.88,3462453.84;12727180.88,3462453.84 13 362
襄阳 12482288.95,3742391.44;12482288.95,3742391.44 12 156
宜昌 12389211.61,3571525.49;12389211.61,3571525.49 13 270
常德 12435078.36,3359518.80;12435078.36,3359518.80 12 219
衡阳 12532306.19,3091415.96;12532306.19,3091415.96 13 159
怀化 12246180.68,3175610.61;12246180.68,3175610.61 13 363
娄底 12468039.04,3191559.74;12468039.04,3191559.74 13 221
邵阳 12409378.80,3134396.59;12409378.80,3134396.59 13 273
湘潭 12573737.27,3208160.51;12573737.27,3208160.51 13 313
湘西州 12216946.85,3268596.37;12216946.85,3268596.37 14 274
益阳 12508180.74,3299125.22;12508180.74,3299125.22 13 272
岳阳 12594343.16,3400819.46;12594343.16,3400819.46 13 220
张家界 12299259.42,3370258.68;12299259.42,3370258.68 13 312
镇江 13295197.79,3766049.16;13295197.79,3766049.16 13 160
景德镇 13045112.76,3389524.55;13045112.76,3389524.55 12 225
萍乡 12675060.82,3182279.84;12675060.82,3182279.84 13 350
白山 14074393.43,5124127.66;14074393.43,5124127.66 13 57
吉林市 14088310.90,5411379.12;14088310.90,5411379.12 12 55
四平 13843491.16,5308745.68;13843491.16,5308745.68 12 56
松原 13896344.99,5614146.33;13896344.99,5614146.33 13 52
鞍山 13692554.78,5000828.02;13692554.78,5000828.02 13 320
本溪 13778549.40,5028203.72;13778549.40,5028203.72 12 227
朝阳 13409391.32,5069570.88;13409391.32,5069570.88 13 280
丹东 13844127.90,4839042.54;13844127.90,4839042.54 12 282
抚顺 13799714.46,5115132.82;13799714.46,5115132.82 12 184
阜新 13545115.36,5136295.69;13545115.36,5136295.69 14 59
葫芦岛 13452370.82,4942606.69;13452370.82,4942606.69 13 319
锦州 13484680.81,4998877.54;13484680.81,4998877.54 13 166
辽阳 13719578.13,5024455.91;13719578.13,5024455.91 14 351
阿拉善盟 11770534.21,4674265.37;11770534.21,4674265.37 14 230
赤峰 13235526.36,5171687.27;13235526.36,5171687.27 12 297
通辽 13609090.21,5382947.12;13609090.21,5382947.12 12 64
乌海 11889256.95,4789152.27;11889256.95,4789152.27 13 123
乌兰察布 12594849.10,4984041.19;12594849.10,4984041.19 12 168
固原 11827732.21,4278233.21;11827732.21,4278233.21 13 246
果洛州 11160049.66,4068648.79;11160049.66,4068648.79 11 72
海东地区 11364196.91,4346416.20;11364196.91,4346416.20 11 69
海南州 11201849.48,4315366.61;11201849.48,4315366.61 11 68
海西州 10840167.65,4466420.60;10840167.65,4466420.60 11 65
黄南州 11357104.42,4210552.23;11357104.42,4210552.23 11 70
玉树州 10799564.22,3873278.70;10799564.22,3873278.70 14 71
德州 12953925.37,4474580.65;12953925.37,4474580.65 12 372
莱芜 13100578.78,4305364.38;13100578.78,4305364.38 13 124
日照 13306564.91,4196491.41;13306564.91,4196491.41 12 173
晋城 12563399.07,4206461.93;12563399.07,4206461.93 13 290
阳泉 12644594.24,4533526.95;12644594.24,4533526.95 13 357
运城 12358087.32,4143554.87;12358087.32,4143554.87 13 328
安康 12137955.19,3831014.01;12137955.19,3831014.01 13 324
汉中 11914676.68,3881573.31;11914676.68,3881573.31 13 352
商洛 12239363.89,3988196.86;12239363.89,3988196.86 13 285
渭南 12191480.30,4072477.69;12191480.30,4072477.69 13 170
咸阳 12102309.35,4049630.47;12102309.35,4049630.47 13 323
延安 12189211.80,4356542.48;12189211.80,4356542.48 13 284
榆林 12216466.90,4593875.52;12216466.90,4593875.52 12 231
阿坝州 11380447.43,3728135.84;11380447.43,3728135.84 15 185
巴中 11883920.39,3723861.98;11883920.39,3723861.98 14 239
达州 11964137.24,3638270.40;11964137.24,3638270.40 14 369
德阳 11622362.13,3627752.59;11622362.13,3627752.59 13 74
甘孜州 11351270.07,3489052.11;11351270.07,3489052.11 15 73
广安 11871214.28,3541176.83;11871214.28,3541176.83 13 241
雅安 11471193.10,3484711.19;11471193.10,3484711.19 13 76
宜宾 11649500.33,3324086.52;11649500.33,3324086.52 13 186
基隆 13553884.53,2873965.66;13553884.53,2873965.66 13 9011
拉萨 10143656.46,3437319.30;10143656.46,3437319.30 13 100
阿里地区 9033885.83,3534094.27;9033885.83,3534094.27 11 103
昌都地区 10818767.17,3628719.40;10818767.17,3628719.40 15 99
林芝地区 10505124.16,3437918.80;10505124.16,3437918.80 11 98
那曲地区 10247938.89,3673034.81;10247938.89,3673034.81 14 101
日喀则地区 9895462.58,3388849.92;9895462.58,3388849.92 14 102
山南地区 10216969.60,3385558.04;10216969.60,3385558.04 11 97
乌鲁木齐 9754288.85,5409732.61;9754288.85,5409732.61 12 92
阿拉尔 9048950.83,4918713.31;9048950.83,4918713.31 13 731
阿克苏地区 8935325.95,5009725.75;8935325.95,5009725.75 12 85
阿勒泰地区 9812569.94,6050181.62;9812569.94,6050181.62 13 96
博尔塔拉州 9136431.10,5577251.02;9136431.10,5577251.02 11 88
昌吉州 9719947.30,5438089.30;9719947.30,5438089.30 13 93
哈密地区 10411022.08,5255999.03;10411022.08,5255999.03 13 91
和田地区 8897738.73,4429897.13;8897738.73,4429897.13 13 82
喀什地区 8459955.90,4762726.08;8459955.90,4762726.08 12 83
克拉玛依 9450667.90,5683403.49;9450667.90,5683403.49 13 95
克孜勒苏州 8479645.94,4797956.37;8479645.94,4797956.37 11 84
石河子 9583099.12,5483786.41;9583099.12,5483786.41 13 770
塔城地区 9238181.72,5870117.07;9238181.72,5870117.07 12 94
图木舒克 8802733.14,4819588.02;8802733.14,4819588.02 13 792
吐鲁番地区 9929364.56,5276082.34;9929364.56,5276082.34 13 89
五家渠 9745772.32,5462309.95;9745772.32,5462309.95 13 789
伊犁州 9053790.26,5423584.31;9053790.26,5423584.31 11 90
保山 11039492.89,2871929.08;11039492.89,2871929.08 13 112
楚雄州 11302845.30,2863781.61;11302845.30,2863781.61 13 105
迪庆州 11099729.33,3206834.95;11099729.33,3206834.95 14 115
临沧 11142676.86,2722613.47;11142676.86,2722613.47 14 110
怒江州 11005519.58,2958484.69;11005519.58,2958484.69 14 113
曲靖 11555387.73,2918272.23;11555387.73,2918272.23 12 249
昭通 11546551.79,3146718.00;11546551.79,3146718.00 13 336
文山 11587273.03,2663556.36;11587273.03,2663556.36 14 881
丽水 13350636.44,3288181.06;13350636.44,3288181.06 13 292
衢州 13233890.59,3347356.77;13233890.59,3347356.77 12 243
舟山 13604985.98,3480850.71;13604985.98,3480850.71 12 245
澳门 12641302.75,2519757.10;12641302.75,2519757.10 13 2911
安庆 13032328.73,3552346.35;13032328.73,3552346.35 13 130
亳州 12889352.87,3984760.83;12889352.87,3984760.83 13 188
